2307
2413
5819
3526
6899
2469
668
6347
6362
4273
7156
8146
7655
3070
5757
8481
3168
6385
5027
7583
44
7304
8423
4753
1018
8378
4468
4050
9467
1686
965
5384
8782
3519
6405
2431
1524
8767
5799
3409
6945
3671
5198
6290
8385
2660
6978
2833
5662
6314
5715
1070
7196
7356
637
3521
7769
9106
6218
1023
2641
5137
836
6734
1756
5275
3120
9384
4692
719
9460
5331
1936
3946
8369
8172
8324
4255
2824
3648
4437
8525
6715
4320
3098
6762
7577
5975
8173
6962
7046
4058
9368
1141
1422
7227
9052
8603
2242
4876
7770
8410
7759
9478
4415
5709
572
1375
8039
9801
9222
2919
6266
5680
7607
566
2923
9103
5317
1814
3906
4400
8504
3124
2951
9049
2508
8441
9621
7439
2453
7084
9253
573
2010
9504
7969
9405
4575
6423
2912
9270
8054
8100
3573
8449
5110
1616
2849
5371
2934
6363
3049
1090
313
9781
8099
245
3440
2884
1696
3248
6035
1417
578
9994
8460
4264
1297
1588
570
176
1
4474
5103
7776
3199
9453
4292
7343
1692
7157
707
2672
2504
8916
3508
8991
7576
3085
2279
9639
865
5476
930
1442
2550
8821
7837
9351
8937
7848
5161
5254
887
3640
5867
7908
6549
3804
7827
1565
3017
4694
7262
4740
8450
7836
6699
8185
236
1488
6582
903
4084
6024
7190
4634
5152
1901
7535
6913
8676
6109
1251
9644
6449
2143
600
7164
6985
6805
3373
8022
7783
355
6429
7062
1333
8267
3108
8296
9445
3712
8796
4339
8229
7641
6443
1334
7082
1215
8855
2878
7997
3458
7281
3436
3502
5514
1865
2645
141
8859
2482
4674
7055
454
2561
6552
2056
8217
6527
4544
21
957
1923
1915
741
312
2192
2777
5774
5788
812
9804
4171
7651
6262
8748
3646
3110
4345
9755
6177
175
2713
9131
5248
6117
7596
6119
9569
4726
2004
5741
5467
102
5570
5454
7649
8933
8255
7476
3354
3957
2805
8005
2770
6108
2419
4624
2791
4838
8489
7494
2883
7328
2289
5023
1411
4767
2311
1561
694
8014
9830
2379
7298
3840
3625
4603
2446
785
1315
9877
7146
8109
8878
8621
1485
3339
4120
8159
7712
5107
9714
9647
8509
1642
435
6428
5971
6665
8333
1711
1567
7809
6180
2467
8898
8591
6303
6085
9595
5338
4903
7717
5230
8665
7733
4071
2507
1800
6802
4970
523
120
1656
4156
6949
9565
2391
5691
7977
3933
3639
476
1666
4887
4413
598
5796
8346
192
8390
8391
6596
8881
2158
868
4949
9266
2357
559
7225
7318
5122
2608
95
8111
5279
2302
19
4941
4885
5249
8487
9080
6668
8000
3327
8265
8399
5786
8278
9534
483
9973
6333
7933
4321
659
5704
5185
7406
1847
2893
3624
9306
477
8932
6456
2532
1245
8084
7279
6281
647
364
5081
2659
9587
8246
959
3525
5642
6460
2420
7900
8520
2534
429
3792
8869
8587
6062
2909
5158
2147
280
5235
7601
798
4582
5420
383
9304
4666
7574
3189
6544
1358
3694
8233
3467
4839
4601
670
9044
2627
2477
2479
1602
7978
8151
7868
4316
6968
2846
1824
5142
5898
8811
8340
4737
1260
7036
7219
2149
9766
5355
7901
3466
2953
1223
8740
5837
2334
7695
5556
9203
4536
3240
6640
9620
3896
6588
4963
1898
4746
5360
5916
8789
8763
3947
266
3474
5853
5342
4862
9662
8521
7257
644
1231
6051
7976
7947
1730
811
1646
6635
2612
7471
4445
4401
1115
4175
6840
5108
3620
1933
1151
807
3103
1301
2248
5564
5633
7338
7523
1845
492
9022
9606
9786
2633
9291
3061
6681
1267
7326
5884
2975
3172
2927
4720
8545
7475
8125
5980
4735
9051
8828
4856
5621
7863
308
4361
7118
1431
6991
9300
6606
3789
5623
4895
7171
5223
4207
1649
6007
2771
2630
1757
3433
8835
3288
4259
3147
6246
892
14
2551
197
2116
5132
4333
4003
542
35
201
5486
2497
7178
2517
7862
9315
1570
2008
8380
4104
8746
742
4662
1729
3452
7652
8145
4208
1786
9354
6475
5474
3233
4845
5894
6448
5707
5335
3851
6001
8970
6399
7350
2269
284
3235
9771
1668
7348
4877
2018
5019
4302
1749
2836
7834
4427
3114
5875
7051
4127
8583
790
2069
5190
7645
3780
9309
7888
6310
8565
561
8787
2439
5432
9377
4699
4554
8880
3397
4348
1412
920
7358
2572
4189
9713
4173
2015
2642
5121
5635
1635
7530
6748
3605
5170
3986
2974
8262
2
5408
2003
2656
3180
5070
3470
6852
1305
7761
4095
801
2202
306
2461
9248
3152
2145
9440
2614
9577
8492
8685
2678
7487
291
4351
9682
1212
4465
9079
1840
8495
1237
5234
4826
7917
9324
9150
5532
1710
2369
4112
4734
6933
5287
8850
9634
3496
9728
853
3368
2363
1304
4731
3091
4404
6905
770
3507
382
6505
7454
127
1386
6116
7578
8511
6930
7303
65
2197
5160
6707
6647
2661
4743
5293
5080
1874
9912
2764
2470
7344
9675
1775
874
5739
3291
9447
6005
9612
8741
9820
3888
4934
3325
6258
3226
9172
1476
6845
983
621
5207
806
3072
362
697
4343
4191
4718
1948
6820
9760
5303
3880
98
2936
9841
9279
744
7690
1709
8908
4300
2376
5349
6760
8623
423
2301
550
8657
3412
9919
1318
8996
1699
5468
768
4472
7198
2530
2444
9370
3898
7065
1273
9800
3900
5087
8475
7232
8537
897
2466
3306
7167
8952
942
1997
8305
7268
7685
2722
2362
9948
2607
8126
2133
890
9334
272
2128
7918
1579
8076
5346
6183
9999
5735
2563
681
6058
8538
9255
1079
5723
1153
8501
7073
5242
2965
1817
1639
3581
5609
6691
9832
1518
1584
3992
674
6268
2078
5300
5373
3499
3447
4974
6677
8512
4424
4600
7949
7083
1804
5035
1768
2416
8270
7526
2845
3943
9940
9605
5324
8304
876
3018
5643
6555
3217
3583
916
6885
6037
4566
7077
7371
9155
1434
3929
4984
1012
2481
3263
1353
7768
5727
574
3042
3527
6645
6087
419
9072
6986
763
4244
3972
5393
2565
3699
4722
4983
2217
7385
4346
2803
9045
5513
9966
564
27
6417
2071
6012
1390
1569
2223
3404
2590
1014
5141
3051
9880
4005
7126
8703
7038
7979
6601
5003
951
1352
1217
498
5835
5029
7172
5993
5115
1019
4086
6280
626
6761
7139
3996
796
1444
1254
617
1372
9684
4429
6996
5398
7721
8162
3434
7682
7647
8645
3833
3302
1428
2575
1931
8664
6079
7660
2414
5372
6793
1546
5879
8724
1498
2705
3769
6283
279
4664
6716
1921
7315
3163
1591
7860
6530
32
3149
5731
9102
558
2046
8923
4801
7844
2487
7958
9941
4078
326
1025
7730
3558
5834
3498
6861
8728
9819
3653
3166
8025
6705
8253
369
3190
6592
3999
499
8979
4251
2287
9508
2427
1066
2050
9499
5878
2212
267
7138
2832
6408
3662
8205
5466
6709
4947
4539
4159
5058
4645
5017
9516
6388
261
2831
4510
7821
4858
384
4502
2343
9019
8662
3834
9416
9098
1707
6075
2850
4864
689
956
797
1306
2060
2326
3771
8960
3710
992
9998
3143
6664
6846
7057
1487
7410
1024
4229
5315
5145
7299
4812
8058
2077
8675
6511
7170
4588
653
2510
447
6247
817
1612
8016
8326
9794
4896
2588
3674
5318
2339
6539
7971
8439
2574
9240
6210
9288
6445
3611
87
1788
2006
9672
3372
4807
5974
884
9920
2822
683
5133
7998
5498
2148
3528
8760
2746
4804
3717
9928
9799
9783
253
6869
3239
1920
8180
6154
9264
2336
1995
9874
4001
6829
1773
3584
4473
944
7859
9245
8533
1277
7294
6222
7334
1114
692
7136
6754
6348
1679
803
9864
5990
3890
6948
4765
5965
1633
5742
2472
6858
5086
1506
2136
571
5771
2851
4271
3144
4592
7445
5797
2609
7305
3182
1472
6594
588
6593
7000
4988
1781
9881
1939
3171
8777
6479
9343
2094
3576
5496
4520
7239
828
8879
1385
7260
5997
2228
3290
2458
6341
7616
5105
2922
2606
7215
9145
9233
4130
4511
4372
5645
1742
2877
7106
3590
6690
2350
5576
528
9495
1276
746
6090
1623
6480
6794
4167
7132
9193
837
350
5284
6195
7890
8138
5881
3287
7889
4107
3824
8896
9889
9059
4884
4160
2001
3453
7096
6029
7399
1511
1899
202
9687
6027
6463
3737
8204
5381
7292
5429
4902
7989
9791
531
7898
2012
599
1242
5386
8068
2933
3375
2407
6033
622
9362
1396
2005
3468
2901
3160
4555
3970
3875
7380
4580
8709
3277
7982
6091
4092
4317
1958
1761
3853
9479
5112
7148
7335
6801
7323
2401
3002
5437
9579
9249
471
9020
7320
469
4315
2751
3506
5813
7443
3382
8315
1672
6827
5985
4658
7447
964
1117
9282
5787
54
2135
629
7798
7027
2968
6237
3988
1663
6097
2897
5978
3176
846
9833
1630
2735
2946
495
8963
7133
7728
5747
5904
9660
6860
4805
163
4923
4408
2913
5452
6021
732
4124
6436
3831
1674
1095
3981
3011
3822
1327
5084
2045
9257
9307
1969
8226
881
7772
921
7022
6854
6238
7253
7568
7807
1035
2097
5286
8924
8761
1765
6492
5294
5165
819
361
9204
1682
5244
8553
1362
625
3393
4149
4545
616
4088
5264
9159
6804
3821
1056
2872
9241
4483
6755
6471
2224
6205
3522
7173
2185
8240
1558
2171
2557
6311
2576
823
9186
5960
7384
4222
3323
7236
3179
2864
5525
7372
3895
7536
3247
9597
7614
8219
5033
3013
3269
1402
521
8467
5216
4247
46
1609
9754
3861
7869
6227
2296
1060
9969
8345
4744
3656
5981
7557
7210
5508
6812
6763
7605
5548
1471
9789
6915
2879
6740
5846
2495
8363
7520
108
4148
7241
6694
505
4530
8083
4971
1439
7951
3832
2023
5667
1376
6695
4386
953
3546
729
5180
6150
3552
2587
7217
3869
4362
3864
3523
3024
5653
9477
9296
2978
2797
6076
9797
1335
9507
8381
3813
9562
2259
1807
8886
1099
8731
4522
7177
5567
6211
4153
484
5191
386
7319
2740
5060
2155
6516
4607
4359
9169
8714
7687
924
3904
1190
1491
3649
4946
7181
3399
1061
5151
6243
1419
5821
4469
7479
1110
5762
2000
4910
2265
375
6174
9133
579
7948
9861
6098
1747
4250
270
4823
6953
3432
3454
9741
4541
6848
1843
8993
9725
331
5071
7301
4014
387
3564
2891
4218
317
9823
5197
3752
2855
2522
3586
6335
6935
9553
5418
3892
4371
3390
2552
1158
9149
7314
6245
2478
6092
5518
6370
4486
7413
9984
8142
1789
3398
6718
4905
3728
5002
2144
5781
2892
9852
1543
4676
198
131
6487
8823
4202
8853
7794
5683
110
5263
2721
5203
8020
766
4347
9531
2027
8420
5917
1275
6350
5426
36
3815
3174
6193
2338
7959
2455
8242
2205
5362
7663
2547
1207
8535
10
8330
7182
9812
353
9018
9813
3271
123
4516
3566
4992
3464
6393
3015
4213
3731
4141
1713
624
7470
3484
9808
4344
6317
6364
1758
3736
3963
4363
9826
664
4184
3843
8678
1746
1448
8556
3360
4284
3530
5309
9273
3953
1052
4844
8026
4513
8795
7802
7617
4060
4840
6472
614
7283
6533
7554
5034
2971
7339
2061
5721
9731
5827
9232
6811
7058
2760
1752
9637
6298
5330
5921
1846
3348
5608
9463
6654
400
9476
740
3688
935
2869
9892
7658
6959
7731
6355
7983
4686
8628
346
1166
1189
219
1373
8462
3155
4108
393
7897
6808
2360
2905
333
4618
4568
3993
3059
5922
309
4009
226
5907
3228
4075
122
7580
2367
3234
996
1465
9745
8195
1622
6759
7495
9718
7071
2602
8663
4152
7722
2937
856
7460
7975
5012
3021
4340
6631
4762
5233
883
2255
4940
4808
7383
2278
3749
3344
6787
6086
8660
3509
3547
5654
7013
5257
310
5218
7261
7792
6046
6434
1542
6660
2941
4417
5328
8442
6536
7751
756
2724
1618
8017
839
9337
6993
3359
4900
5802
7015
9422
7570
8309
413
6744
8642
2392
8071
6604
4280
2513
6144
4355
8976
2236
5038
1425
515
4866
9497
9655
6997
9540
7613
1827
1999
788
6610
9058
6015
1271
4886
3419
9483
8699
9484
8033
9548
9348
6523
635
1129
426
5311
1093
9590
2157
2318
6757
351
172
6535
6878
1956
2779
804
5326
7503
1378
0
2651
9188
9862
4813
4775
8519
524
3448
5329
7562
7250
5658
282
1169
2566
3727
7003
2717
5629
7485
9449
1586
8222
6502
4379
9947
4962
7715
7450
1105
782
4074
3950
6961
7679
7788
5231
348
2577
5074
1042
8072
2457
4777
4036
4671
7999
9137
9124
6338
7110
231
109
6727
6830
5596
3209
129
334
6286
3046
3341
590
5057
1094
3236
9183
8308
8452
6178
2652
5905
8364
2887
9740
9081
7349
5144
808
221
5383
752
8554
7052
9817
3330
2670
7213
6821
9292
9465
1113
1812
6711
5162
5919
1326
4898
4893
8476
545
438
3257
9408
7184
6432
5465
2676
7403
9401
8136
8615
9418
3800
5828
2240
4794
8964
6462
6550
1165
8192
1406
3510
7115
2973
3029
7531
8612
1705
8291
8347
7054
6693
2090
5396
4508
1447
3814
9496
4064
3762
7285
5308
9691
2138
6485
4673
6816
9205
3829
2966
6924
4312
4451
2961
7691
2688
9488
4150
2299
5694
45
4201
5246
1819
7551
3623
9803
5489
448
1312
5024
989
7363
728
3088
7825
5681
2938
5591
8438
5039
74
5171
4492
4311
4549
2637
3064
1230
3099
2839
5616
3878
2423
8765
5278
3746
8669
6706
8776
6903
7195
62
9756
4334
5004
9961
551
3673
137
6088
3647
7880
1438
838
3644
397
3767
4901
3697
9910
6056
9616
5473
3074
6661
8627
7517
5582
1770
4121
5929
7014
5957
3188
9117
5677
7950
4610
1664
6328
761
9552
9825
2314
3272
6906
3529
1942
3027
2583
5954
4860
4968
4717
9712
9953
4219
4952
6897
8948
4643
2322
7939
5015
609
2305
8319
6545
9585
3187
1636
8966
6920
4165
2862
4061
1295
3725
6742
9732
5655
7258
3513
8830
9140
2963
9802
4847
396
7306
9283
2454
2113
8003
9683
4288
6369
9972
2298
5123
6309
6813
3073
1904
3185
646
8098
3905
8374
1922
4043
555
657
2690
2410
2997
8596
5117
9432
6254
8978
1100
7010
8073
9806
4602
2623
6950
2715
9708
4922
3353
6464
2902
3252
4639
3961
6101
7321
2418
3757
3939
388
8934
3316
4792
2747
9847
4332
7337
48
1222
6263
688
8653
6778
8967
1331
8802
4913
1826
8719
5095
5290
6629
458
9659
529
2237
4698
5592
9492
8444
4183
3669
9916
4538
972
8097
4279
3173
8715
2054
5051
9875
4405
6717
4475
9583
4590
3057
6559
6232
8425
1005
4529
3696
2753
4514
166
677
3008
468
1673
1810
8688
9153
672
9929
4209
5586
169
7191
1338
2890
9194
9206
5864
1161
3158
1659
1994
3087
1715
6155
2989
8376
5883
8358
2052
2378
7092
4695
963
113
8124
888
7699
1780
6036
6591
5882
3231
4594
4281
7957
8386
5602
5838
5364
1841
287
9485
9980
5083
1643
5175
2258
4194
1177
9636
8155
641
9057
3609
4080
975
2679
8909
3686
1432
8837
6602
152
3300
7265
7737
1250
5412
2093
8244
8437
8732
1387
6585
9890
5811
1924
955
506
4215
9299
3133
8302
5726
5187
1145
5155
275
6133
2928
5807
6342
1403
4678
8411
9520
7771
1452
7286
3301
6673
3514
8756
4586
9524
1772
4506
9654
7777
2696
5909
6451
5240
3492
7638
5323
6070
6291
3589
8568
9858
7599
1321
7668
7575
9738
9364
948
1211
504
5267
7205
8287
9420
8754
3613
4453
971
2394
5523
7564
5179
7472
2542
759
2308
7515
3391
2215
392
6302
4705
8624
6867
2207
4357
1453
9456
5337
5164
3038
6159
864
2340
1281
9581
474
5436
9723
8725
4512
2227
1046
7259
904
775
2600
6249
2170
4518
6856
5979
8176
9112
9071
9935
5261
2380
1045
1979
2924
452
8261
5077
9297
4915
9239
6799
1863
4837
1313
5527
3732
4650
691
1829
4802
1196
4745
8702
9580
335
547
9181
398
6374
6265
1987
2415
2765
1270
870
2939
1701
6384
9472
4460
5098
2166
8281
9913
5893
8750
6017
8473
7539
7584
4114
480
5167
4176
9886
9406
4087
7552
1743
5195
8321
5775
8982
5773
552
4143
3796
5617
8625
9001
4077
3995
1520
2580
7522
5273
3294
6143
2274
442
6998
8112
64
8306
96
1193
2284
3403
8944
8588
7762
4197
1534
147
832
5888
42
863
7461
3575
9959
9246
2812
6084
9168
3830
8037
7204
1197
3261
9592
4950
4298
8985
1451
998
6216
9509
5361
5962
6394
181
6052
5601
8144
2425
1539
7347
3459
3806
4341
4245
4581
6318
3835
9610
5996
3936
7561
2232
6911
7355
248
9533
8871
3186
1167
1369
7585
9403
9924
3847
5462
5942
543
6045
4496
93
1128
7362
985
9506
7874
8259
3159
6380
7074
3839
5352
5989
3716
8749
3077
7009
6339
3342
1500
4133
4377
8791
8941
8539
6983
9014
2388
834
7527
8953
5640
3744
1418
9342
2430
3922
3145
1377
9201
9139
5100
3273
4310
4825
2498
9040
9843
228
7185
7162
7692
390
5292
1537
1733
7459
9776
9648
2282
9210
6004
9158
1957
5986
4891
2002
2944
5695
5075
3371
6163
5663
1965
5934
5091
7925
5972
7650
776
1289
9215
1477
6465
6461
1181
2593
9970
8004
5282
7368
7201
9661
4242
7463
845
6871
4406
6619
195
5767
4714
9848
4972
1356
5101
3756
2193
5356
1017
941
7458
5042
2964
6965
5699
2792
6825
4423
8806
4017
8213
8483
7048
6105
8397
8843
2327
9234
5072
3713
8011
969
3437
8251
5816
2176
1243
5212
1332
3708
134
6703
1354
7799
5313
6365
6344
5583
5983
9385
7719
6743
8939
2462
7101
7886
2716
1990
9549
2172
1449
2667
9346
544
3592
968
2390
7629
1774
7555
6780
6864
3303
8540
852
2405
9244
5124
1202
2491
9721
6775
5333
125
9945
4233
470
8633
1413
3841
1470
7553
2188
3136
9411
3676
1395
611
9971
847
923
1175
2915
9322
9099
9582
1878
6605
4439
7457
2201
1880
961
8120
8614
7493
7817
9976
8566
8394
1112
2468
7547
7634
1009
159
1879
8234
6758
6600
5956
3660
844
2095
4761
5815
3242
1753
3497
3335
4089
1552
4524
3883
6973
2319
320
9195
4742
9891
4646
2486
8883
4725
8104
8132
7145
4616
9643
5936
8681
9473
77
7872
2432
9034
1170
1456
8857
3475
1154
5353
8903
4028
1917
8631
6728
6212
135
1006
8416
7482
2571
9627
2074
7566
9494
1992
5793
394
636
9128
851
5732
2245
4393
1884
6256
2502
7498
2856
6646
9541
5055
3632
4619
7163
3178
6964
130
1953
8672
7468
1871
2853
5451
3534
3893
78
4709
7402
2230
8312
7212
6233
9028
9212
144
3654
2070
2239
7095
2595
2084
8282
321
869
3322
7567
187
6202
5127
7400
3126
1621
2293
5245
9063
1149
6499
3545
4285
7209
356
1163
3775
1037
9177
8938
4850
3585
7831
8102
9366
1509
6612
8348
2496
711
6580
4319
1571
5871
6520
8684
3781
5874
79
1823
1580
4677
9263
5310
3750
2352
6621
9055
4663
6652
4708
6122
2681
8189
5079
5299
3873
3808
9782
3056
2306
3256
2790
2081
3549
6176
4322
1515
1889
3309
3022
5926
8579
4434
5860
1988
2122
8461
7429
2353
4289
7603
5783
410
9179
9192
6630
478
6382
7984
4419
9260
7264
6766
6951
749
4276
7433
3827
2463
1690
5533
372
73
7689
8710
548
1384
8577
1347
7222
638
9665
5379
8298
2344
4062
434
6842
1364
5200
2589
4675
3958
8522
5516
3203
1415
6305
679
833
8866
8655
4115
5698
1735
227
2264
7673
500
5469
7029
6164
7025
9838
3150
1929
3668
182
4729
1815
7774
3951
7534
6141
2712
9503
5550
879
9933
5749
5001
3593
8820
4389
2292
7992
2921
2569
6019
6884
6927
6484
6818
8708
1523
6756
8256
5365
6381
1531
1787
6307
3471
7037
9469
3742
7571
9003
7674
9308
9113
9946
1343
4466
843
9667
5561
6271
9452
9863
4421
9854
7856
4350
773
4951
7643
9608
8649
871
9628
3980
6956
9170
2601
160
652
9857
7639
4446
8701
323
7942
8531
3618
7076
2621
8349
2184
8755
115
1261
6220
6708
8506
6132
6297
7851
7327
8297
6659
5056
8230
9528
4085
2958
5684
7609
686
3191
2725
5927
3871
2092
8696
9415
2191
6371
7063
1507
4030
7006
6206
7481
8093
3954
4787
9656
1665
8735
5696
1172
9544
5955
5048
8723
6768
755
6446
2880
2505
5217
601
2277
365
5505
1678
2226
8158
8832
1736
1380
1187
366
3107
8431
4286
379
9729
3450
987
4407
8609
6481
6026
5211
2099
6896
8081
8601
6620
1221
7820
9211
8334
7906
4234
1087
3819
9739
3137
7749
1016
2493
6160
244
878
3253
140
2473
925
9505
5914
6503
7800
5630
451
1722
9730
1925
6723
9269
1195
9197
2020
1469
4497
5236
7756
6458
2330
7912
9397
4779
2359
3634
8318
6450
5939
4752
3826
8884
6419
3844
6975
5458
4642
8194
6324
3401
8137
5020
3616
171
6191
2270
3357
9138
4938
8801
7838
1893
9026
1896
3080
200
2503
4863
7745
979
7100
2737
7140
4470
5777
5748
1954
7818
2983
6749
4550
1583
4799
8232
7630
6910
855
554
1062
5269
7492
6011
9502
4323
3794
6157
4515
8243
7423
4409
7602
8197
8248
3349
1861
7374
3556
5701
2173
9454
3157
6655
9127
639
3048
6223
3283
2263
7341
3350
1619
7765
5716
8035
6940
2625
2687
8595
4324
8490
8447
3417
1152
6528
7569
399
5675
3010
9792
623
6979
9468
6637
1194
7103
2613
2982
3916
8215
5913
2684
6735
3797
9692
6013
1336
5755
7444
7929
3678
4011
2387
3650
7885
6614
6586
7322
3881
800
6094
4241
2022
4809
8969
8654
4403
6720
428
6054
1479
1838
6273
412
6444
9560
5438
6438
4039
1937
4052
3115
225
3942
4381
4211
4872
67
5613
6153
3480
619
8119
5520
9757
4025
9956
2579
2736
6351
9602
1089
4375
6167
7654
3606
7345
9100
8546
5443
3105
2337
7112
99
885
4476
1441
1104
6337
6980
7477
4295
940
9280
6099
9677
5610
5036
2773
1028
3222
6921
9209
676
214
5305
3734
3385
926
842
3265
8602
9029
1712
5800
63
3704
5461
2691
7404
443
8562
3524
8096
5010
6147
8206
5082
1308
3408
3555
1001
1529
7263
5134
9363
2358
7120
8753
7767
8191
2819
3997
8407
7904
1138
9439
9431
9759
9123
6395
8892
5840
1718
3682
2703
8503
4418
2321
1887
4906
9921
8686
7389
4262
8402
3776
9850
1702
9376
6556
8548
733
8622
457
919
4008
6173
439
2195
5148
1457
1708
1751
418
3455
7329
6431
9008
3626
289
1119
1122
5304
3760
2285
4461
7203
4485
9065
9459
9625
2366
2578
649
7698
3019
5589
6470
4337
4196
8905
7676
7981
7193
6966
6667
3201
8744
2514
4482
2412
7507
7357
4436
7295
7039
3570
9180
9358
8095
4489
5427
2619
4627
5104
3633
4655
6031
6169
8062
240
3536
7154
1695
3381
6628
292
40
2535
3945
9386
5889
4653
5322
3197
4750
4728
5585
779
6077
9815
71
7924
9932
4301
893
2977
3169
8600
8002
6977
9174
9231
2501
3540
6065
5825
9699
2815
8887
1782
587
1872
4680
7273
5118
606
2828
5259
6671
2775
139
6833
1813
5761
7931
591
9635
9733
3860
7313
6124
473
2029
5283
9704
3602
4325
1680
4478
1576
3356
6849
2758
5614
1559
6824
8876
271
3095
7854
8365
8983
9061
9236
6623
7228
5918
8720
4583
295
5088
9466
762
9787
2424
8733
5106
5238
6416
1624
743
7079
632
9379
8634
1283
758
8925
3270
49
1371
7234
8836
2646
6194
5686
4283
2752
4270
7642
7804
2789
5280
4916
4440
1073
3246
6360
1492
6057
7085
2194
5969
9167
3949
8557
6838
1257
1905
5549
4567
7158
6800
2842
3976
4291
8458
4585
9237
7593
8547
8861
7543
6730
5410
3941
5688
5607
2794
7176
6551
6786
2382
3940
7370
3657
3428
5403
5120
5728
5064
1393
2694
7041
8882
9321
1302
9835
9224
7914
3823
9895
7183
4605
8494
1328
3043
9963
3621
8482
8610
8942
6396
6626
7509
1927
2260
9491
2866
9134
7518
273
5049
4162
1148
7926
6990
9514
8419
2626
3076
7829
9821
3630
9166
8729
7542
1381
5885
1590
5968
6823
1478
9720
2599
6162
4623
3578
4611
5227
6083
5421
510
5025
6308
7116
5798
3351
4975
9290
3052
9550
1059
3082
569
5941
6095
7734
7245
9108
9230
3101
5646
7946
2204
3427
9414
618
6721
4099
7175
6170
4966
4843
7309
7778
190
4656
8606
9950
4239
3730
5306
3040
2802
3461
7670
5011
9446
2511
8572
3965
6506
8945
684
2700
9189
4230
2931
2692
8549
8814
4888
4702
4612
7656
8091
3284
8202
6053
4626
9573
6963
6967
9865
8418
9393
7511
8640
8077
5113
7945
9396
1349
6373
8388
5756
6424
1311
2451
3212
2555
2250
9618
7223
8757
4855
206
7990
6900
5307
5970
8401
5855
3075
952
3299
6656
6607
1505
9987
5205
7779
8543
8272
9822
6267
4097
3183
6398
7271
3908
7944
1368
2616
7050
2096
3773
9122
4754
2817
9111
2312
9805
793
7956
7005
1900
8808
7151
947
9559
9143
6770
5482
8359
1330
157
8165
8069
7544
6651
6255
3913
520
2165
8897
6745
7708
2682
6168
4237
6334
1877
2490
2568
6136
536
5857
9259
6912
6928
6578
9067
4908
4227
3094
6197
2500
7832
5014
2708
4987
2615
7231
1980
1628
1022
4438
4212
7408
6617
7932
3959
5595
8971
8075
2348
3964
4632
1777
7354
4330
6510
1262
9217
8414
1603
8421
7938
7909
465
6929
3394
3577
8320
6156
3282
1039
6042
915
1344
651
2980
6148
4422
8019
4342
1279
3622
7388
1021
6239
5887
5252
9110
6404
1776
4073
3917
224
9152
7559
3799
9083
6107
4926
859
9765
5490
4784
142
8392
8079
4565
9679
4139
89
1844
841
7927
6890
5947
9523
9096
1501
5587
3430
1683
1885
2346
3887
4832
7633
9939
9884
3579
5312
628
1947
8106
1497
2881
4263
4399
4811
9668
2969
481
1738
2618
8936
5590
2960
737
1726
7521
931
8351
460
7409
6806
1201
8833
6853
813
4525
3561
2665
338
3116
4816
7546
2489
4041
6595
4002
9294
1143
8389
2422
5183
8901
2988
6722
3395
6032
8913
7941
1657
8027
9344
8958
8231
5099
3033
4990
8902
9652
3132
4029
8638
2984
2807
6270
3786
1745
9510
7773
2034
5053
9722
5676
9489
717
7882
2858
5063
4919
6067
5651
5044
7595
9903
8250
8121
9735
938
9070
4402
9160
4305
6078
1677
9887
8589
61
7812
1732
6142
7040
4369
2150
5598
5250
8101
1184
1634
4630
6354
1493
9764
3090
4102
2768
5140
7159
6392
119
9937
1200
415
211
7001
2564
3078
3857
4912
445
3700
9517
2032
7310
8747
4026
9793
784
8335
6857
2225
8015
2558
3058
5991
2333
7504
3153
2605
4687
7078
6474
5415
294
1282
2134
7970
1687
6214
6316
2076
5007
2273
3782
3569
9575
4899
8524
5266
1150
223
6189
4638
9598
2438
9048
7895
753
584
1883
5413
7835
5390
9216
3104
9258
750
8712
6724
6325
2066
513
5858
315
1034
7483
5873
3990
8338
4870
4493
7500
246
503
8179
9302
3328
6525
6971
9872
9631
7991
5546
4164
8154
3004
4920
7141
9931
6952
4220
5450
8768
5076
2174
8689
5096
5378
8959
5363
933
5188
7275
2987
6228
9475
2757
3392
5129
5354
2229
6135
3543
3032
1762
4736
1081
7235
7090
2178
427
6540
8705
4700
792
5740
872
6943
9341
538
9866
8238
936
7426
2364
4681
6102
7623
9335
655
7187
66
7857
5459
5247
8707
3739
1691
1941
5006
1888
1394
8164
146
59
9896
4385
7017
2702
3702
3758
3711
8182
3645
1910
4815
16
1496
2175
3250
8534
7606
4796
2859
7238
1519
5130
5599
2377
5910
2693
1525
6919
4414
347
9430
7594
7700
8059
1397
3383
3912
3505
6616
2167
3715
1127
8339
3097
2707
6146
3162
1548
8310
1285
1043
724
432
9114
9094
8498
4798
3681
8455
8274
6103
511
4181
5138
7797
6648
5193
1577
8630
97
9330
232
8041
6577
3748
2622
3790
5780
4766
316
1294
3481
7735
2349
4797
5092
1903
4772
6564
1159
5626
1284
5678
3281
252
1400
30
8585
2756
4134
4999
5062
57
6590
5559
2452
4523
8276
4526
5844
2844
8047
4354
2695
8403
8433
8006
7068
2037
8393
675
3930
1173
2129
734
3692
2744
4969
6489
7243
6415
488
385
9490
4713
11
1443
1575
2118
1382
1077
2643
7545
1350
8273
1882
1126
9902
6494
949
5226
2475
2251
4275
9710
2509
9357
4679
7060
7174
7094
9225
9571
1572
8290
2471
5565
6199
3761
9568
4449
8428
6988
7688
2051
594
2838
1256
8405
8863
2780
7579
8292
9428
1244
1156
2786
1852
7870
8300
7540
9356
9314
2112
7004
4897
3377
3229
8567
189
9025
2506
9982
5687
8849
3554
2130
6714
5928
7018
8210
2026
9345
710
4119
9331
6566
4098
7550
7123
3321
205
6788
8738
8644
9779
6889
816
9818
5644
3973
4309
1407
4004
1220
8043
1325
1440
5517
6542
7786
5221
43
8183
5090
6274
3146
5869
3854
8171
8472
6712
1799
2447
1960
1146
8716
5872
2295
2699
7070
8697
1240
5594
1048
2067
9978
6478
1003
4820
6704
6684
8443
8045
9146
330
4869
6767
9785
560
4410
7449
81
5789
960
5725
7916
537
7864
8429
2996
7028
7955
2801
4927
1499
633
593
861
5584
1615
8496
6597
1689
7627
5628
4716
6128
7624
9162
2898
7736
9097
8471
7394
5579
2664
3045
6509
5812
1096
9074
7365
6093
5487
8143
4366
7701
630
9119
6750
1088
2075
6208
9024
3927
194
7104
5093
7143
4188
3020
8408
8070
4432
9229
2347
7382
3487
3974
9084
9767
4057
1719
5647
3902
3695
6225
7488
23
1483
1599
2235
4517
88
7653
854
7134
6627
1044
8917
2810
7907
3003
3463
714
650
9409
7621
5674
8851
4033
234
7839
52
7307
9584
6345
8713
4082
5891
8457
2351
4935
2592
3416
2673
1653
4168
7075
9047
2435
695
9563
9633
6688
5114
7251
2653
1296
4881
8107
727
9693
6061
4145
2546
8530
92
2947
7317
4488
8726
4390
4654
6570
1228
3901
376
8784
934
4051
7161
8249
136
6776
8700
9295
6059
4329
8188
1688
128
1652
3429
8060
2785
5059
2585
4101
6016
5708
2324
7757
218
75
4547
3641
4448
482
446
5627
6411
3779
358
5219
5542
39
1655
6792
1140
9968
2385
4378
9184
3305
8322
8266
1862
5729
709
6165
5822
8721
1015
9923
4780
6611
9876
2840
5803
4631
7714
1103
5902
3156
5977
4596
4759
8626
1784
5174
7425
8508
7149
8915
6529
6343
4875
3134
2748
459
8954
5446
4756
7080
4193
1909
5043
1627
8356
9389
5201
3705
3803
3915
4232
1339
7766
6514
1704
3672
3319
7968
1993
8593
9856
3504
8529
840
891
3205
124
8994
6285
7056
2476
9247
2381
7359
6741
3260
6522
2280
604
777
2441
6537
1247
6916
6353
185
4105
576
7563
1310
2035
9317
8605
9173
5791
7743
9042
7418
4444
8536
8032
5933
5448
9780
6326
4471
9493
9753
9200
360
3548
3842
7293
7224
6002
8743
305
2485
6250
2085
3472
8845
6323
5456
3802
1714
917
285
9361
5336
7519
950
1067
9275
1026
7902
7097
9031
1405
5475
6989
8024
8499
7387
2808
5143
1116
2474
3244
6230
4917
4696
3318
2972
4721
6676
4560
6361
8875
3478
8216
5603
3987
9911
1455
3783
5754
7107
1160
7280
8928
562
8951
6666
8943
2930
8666
2720
8491
9695
4724
164
2120
1206
8056
72
5953
8387
4040
4907
91
7755
5511
8781
69
5536
9116
449
5569
9727
2163
7572
9773
4274
151
9252
1227
7923
9993
391
9680
8819
9410
3411
8646
389
4109
8822
3659
7091
8286
4609
8311
2480
6992
2417
2738
3333
6131
6224
3870
716
4542
4387
7367
4782
3501
2733
9798
7011
6041
3451
3903
8766
9457
5670
4851
188
7516
9293
170
9574
2177
3587
3184
6599
8911
2249
4443
6358
6507
8973
3129
7312
1265
1919
1951
7430
7742
907
8163
682
238
4818
4091
5880
3379
7850
1111
6834
4500
8698
8574
1538
6306
9557
8752
5826
6125
7867
2999
3837
4748
2127
7361
3125
1389
2854
3465
4235
9419
4307
3765
4749
9202
6925
1171
2769
2742
5298
660
116
4563
425
9339
6257
336
5126
5494
3670
3845
9383
8619
3041
8090
6181
6236
1629
6455
461
149
6548
6725
2920
850
5478
5506
9671
2813
6025
6137
7591
8382
4327
6751
2783
1274
1870
747
7453
3001
5769
3614
7626
7510
2210
162
9417
9265
76
5399
2755
2743
7664
1785
1303
5199
8264
3096
7422
5447
1199
3251
954
6955
525
2058
6190
4904
9748
5147
2647
222
2584
7455
6700
2374
8313
6999
3867
5568
7026
5397
2818
9147
8118
9121
6140
126
8558
5672
8594
9464
8786
1258
9429
533
3482
3817
5178
6565
9653
6229
8955
8775
6372
7419
9073
6892
3665
527
8153
1323
9836
5801
4020
4428
8812
3485
7746
2182
894
5347
5392
230
485
1975
7920
7877
3278
1210
6319
7278
3028
3571
8354
8307
9470
216
8502
5131
4365
4456
6014
3439
6491
1049
4993
1454
2711
243
31
6050
3069
156
374
5009
4304
2460
9130
2007
9526
1946
9274
7964
5669
6584
7200
5573
5924
7489
9254
9402
8116
1266
9543
6186
2222
7353
6895
1737
3340
9062
4282
3687
9746
6772
4384
255
1589
1944
2383
241
7994
8711
5411
1560
3431
3926
6625
9638
3044
7816
8759
9332
12
6003
8734
3122
9749
9053
5407
1225
6166
8373
456
7230
2799
8190
2162
3047
9525
6844
8212
8643
4452
8187
9711
58
6683
580
9228
7288
9388
2567
7871
9462
491
1734
367
8847
8196
2196
1978
7905
9242
2399
4335
1755
5666
9567
8650
8477
1934
8366
9839
7940
4790
4048
713
5314
370
4776
2402
810
404
2068
1595
8065
9032
4571
2140
2036
8400
5637
8223
2159
3208
1963
258
8674
5488
9313
6379
6368
6946
6850
38
5963
8957
8986
1891
2464
8198
4226
7763
1098
3745
1410
3219
643
486
7369
5851
631
5172
8214
9407
4874
7122
8974
8331
7845
9719
5976
1069
9118
4572
5065
6894
6553
7842
496
9413
9596
5022
3206
6074
9965
6826
5555
2283
5547
7847
9619
7524
4633
4240
1399
8742
4704
6904
3285
1064
86
5656
4435
1238
5711
1913
8034
1004
2354
7892
9868
7049
7031
5823
2525
671
3969
7508
2582
9949
3014
5251
322
4620
7702
155
3211
7032
627
7407
4391
4144
5000
4574
2908
1246
5045
7635
3764
1638
8328
5540
2238
2131
4976
8186
6332
3795
7124
3202
607
8092
8762
1794
1252
2685
7128
6330
4830
4442
1264
5765
9043
9578
4842
2126
2039
3500
6782
4691
2533
9480
751
5509
7113
8247
4591
3801
5291
608
4034
9163
8152
2153
2655
5820
7644
6327
2798
204
6100
7497
634
2294
7694
8028
1508
3596
911
2064
6777
85
7729
7377
824
3724
8235
5692
9995
9426
2993
6642
437
8130
7218
7364
667
6299
3627
1208
2160
2396
6172
4608
3882
1226
2962
5255
2512
1345
3719
7220
1876
3214
8514
4
6060
4810
9599
857
6887
1557
5545
6696
9136
7675
1458
9365
9129
9917
9566
8042
5485
7790
1650
5713
6242
9901
4507
658
2355
8584
7506
8772
4819
8023
6784
6387
5374
6442
8140
4661
6639
6269
26
3560
5047
8810
7525
1694
3161
8497
293
2986
2465
1280
8361
8275
4203
1930
6618
3060
5402
237
4360
3879
8372
9936
1351
7723
6331
1430
3376
4267
4042
7291
2119
4985
9267
4573
5900
4216
7748
4272
6815
3065
3374
8353
8785
2868
3365
9558
8661
2267
5154
2526
9645
6439
4318
1130
3479
150
7381
4129
4224
9511
6569
7823
5503
5405
2741
2200
4578
1684
9435
739
7573
7469
6644
3266
4163
5876
6477
929
8463
9011
286
8919
1214
9311
9481
7793
5220
3026
5943
6733
6936
3389
9859
9
2247
4703
8317
1192
8284
7474
3863
3486
5806
2065
3998
7484
8254
5228
6719
1989
4540
4170
4569
1763
7966
154
9527
5949
6367
3629
5849
5492
5232
2371
2870
4338
586
8868
8375
5149
2110
4068
3738
9013
4697
8175
6447
2662
8430
100
1950
6752
4986
3638
9004
9115
6624
7754
2804
6486
7879
5999
345
9221
8632
9752
4727
1723
8809
6531
2091
9006
3721
5464
5204
1118
7710
2125
4054
3315
3181
9666
1041
7974
2384
7628
6295
4564
6519
5008
7202
4774
7560
6312
9983
9482
4253
3718
9218
1541
7866
5668
1536
3259
5237
4358
535
831
7661
6517
3631
6279
4637
2448
6378
4562
9556
4981
1964
3661
8329
3759
4268
7386
1797
7541
5618
1008
339
180
8456
1892
5772
8510
735
3
3358
5911
8691
2168
177
5733
327
4559
7442
6139
1366
6687
5182
7360
9223
6875
5995
2970
1551
1180
771
5886
6038
6409
5265
7665
7129
7704
2784
4953
4172
9349
6185
7954
7108
7188
5866
8350
105
6066
4552
3874
2761
3295
7693
3885
1409
2041
3798
3151
5239
341
2111
4187
4834
5903
7597
6476
7226
2710
4117
3469
7662
2759
3751
4521
3868
1977
4800
329
260
5660
8592
6893
9772
1764
4706
1912
6055
3532
5551
9750
769
9077
371
8184
6357
4249
9530
4831
1232
9455
5423
2539
6615
7431
1050
5697
7648
9187
997
4056
4939
1078
2943
106
9898
1706
7072
6632
5890
8169
1795
7099
5401
2774
1544
5612
1834
5580
9207
5946
6851
1585
2545
2132
1604
4635
1082
7556
4024
2861
4210
8564
3935
4852
1435
2059
3207
1717
1155
3754
3515
184
945
2456
9702
8641
5964
5497
1236
5377
6188
8360
4110
3846
7237
440
3677
3865
8485
995
1134
5817
4447
5832
8824
8396
5693
8252
6453
5814
849
5208
7093
8225
5984
2945
5050
781
7446
4967
3286
1209
9763
3037
4961
8704
4090
1038
5759
895
3615
3332
7640
4994
7967
1460
991
2548
5718
8817
6732
7111
685
3709
288
2033
8981
1894
4450
7963
7233
2734
5535
6891
1640
8885
5908
612
2109
1363
3405
687
2865
8559
103
7669
7466
5068
5862
3722
4297
6082
3443
1860
5544
4031
207
3539
4911
4733
118
8573
6764
1811
6543
283
1101
7894
6068
2440
7801
7434
3599
2731
8690
1219
2442
5441
7849
928
4723
7811
7805
4894
5809
825
6682
3785
6587
1036
8984
3852
3651
6261
9888
2581
4914
3118
7373
8998
7044
4059
4096
3535
8694
6301
8089
4296
9091
4214
9837
9697
9161
2554
4479
5524
9461
4878
235
9104
5785
7289
5387
7462
3982
1298
1514
9974
3462
9486
620
8157
3012
3050
4657
7438
1820
6828
6375
1316
5940
2433
2932
7059
4430
8211
7248
8434
6406
5499
5836
8337
2949
3512
8648
827
4621
3690
2386
3597
6678
6008
4789
2553
745
9676
3119
7165
8611
7841
9277
2203
8453
3317
3167
3426
6907
9613
3962
4294
4553
4651
7532
966
4595
9444
5593
5256
1346
8440
8918
5967
6251
9164
4484
6426
3204
1645
9451
104
5189
377
4204
970
8864
8651
9769
4142
2281
3743
6807
6563
8135
395
4116
2889
3685
3331
9908
1962
2620
8798
8813
6680
4136
5424
5528
9268
6603
5258
4822
6670
5779
1607
1854
1459
2243
7168
1490
8683
8367
5915
2254
6219
2186
4185
8193
2137
3135
8773
3237
210
5069
7943
4930
3788
2835
9572
6034
1983
3595
2882
6248
5611
6879
4965
2766
6320
6161
9670
1617
8758
6701
3866
8012
8055
3220
9834
7732
9033
1108
7331
8412
2603
6403
7411
5641
9673
1051
6841
7878
7684
250
7427
2523
2072
6282
1355
8999
1106
2219
8404
4597
7858
3121
9424
6277
7346
4122
2871
3862
6359
7249
2028
6209
4532
8946
6386
4795
8115
9855
430
8914
866
2730
7965
8695
666
9436
1317
3193
6028
2820
7549
1292
3701
1357
9281
1554
5768
7021
1253
1121
332
2841
8578
5830
5966
9844
15
1013
5562
8873
4577
8454
7513
8325
3218
3856
6515
7744
1365
2995
9576
9809
6976
9954
9250
3971
2368
9394
5445
2698
6880
6401
4265
3280
4179
264
958
2300
5097
6089
2860
5682
3175
2814
5597
2408
5987
1828
540
2906
914
8199
378
7397
715
7473
5899
5202
9943
8894
6264
1248
1911
8149
5136
9395
1592
2867
575
8479
9017
7725
2073
7333
5897
9191
4942
4349
946
2040
4395
9316
4065
1985
1601
1748
509
3563
5961
9007
7891
1467
2488
8682
3196
4778
1361
605
9434
3154
2316
8237
4829
3314
1600
1437
9301
3081
898
7256
416
708
2187
7064
9674
9967
7724
2429
4246
4715
7922
4035
8362
3603
9036
4570
4622
6422
9427
8800
725
8990
2062
7619
8263
1007
6430
1020
4000
4531
4853
802
5409
6071
2781
7436
8988
860
9087
1608
3610
6679
962
3006
3243
2375
8053
541
7632
5784
463
4425
5982
1996
5340
3276
199
7995
1233
4615
281
183
7391
6917
2082
3714
5706
4433
5950
7206
4258
6184
6641
6781
2361
5935
6468
8961
9545
4132
1855
7973
2634
704
5722
2244
2559
3084
494
7424
5959
263
8968
7247
8427
6969
2793
2935
472
1255
937
212
1142
1858
2106
7035
2089
2320
6686
603
7105
8870
8008
8086
5652
7007
8288
5743
340
5515
6179
1475
9438
9734
1191
6547
7936
6558
2409
3489
1662
4925
3267
2043
6315
5763
4368
47
9611
4996
5173
7960
5495
4457
6739
90
4827
4397
3165
8127
7828
4503
640
3495
7366
5406
592
3580
2910
4416
3488
4106
3608
1973
6609
5477
7505
1249
420
209
4854
8829
613
4383
9623
805
7962
9326
7242
9586
1176
6501
2234
1597
5841
3818
6435
4956
7740
6187
978
1450
1482
738
1754
9547
33
1849
1654
5094
4773
8383
6574
3023
2541
6018
2268
3872
5606
53
17
8061
6814
2806
3920
8316
2594
8825
4353
3652
3384
973
4314
9742
3755
9570
829
3784
20
5792
4918
2161
7810
324
3551
4382
2303
5501
9518
3877
3170
1388
5639
5557
9120
2315
6493
9630
186
3005
8900
2649
3567
6113
3733
4299
4880
4599
7875
6329
4494
7589
787
9328
5541
1873
3378
9380
3886
6413
487
7826
1423
8518
2787
5404
1727
5388
191
8771
8355
3850
5370
615
9369
7069
9988
5128
6731
1427
3741
9165
8484
2443
1851
4441
1535
4055
7681
7910
1984
3194
4533
4225
5831
6633
8575
7179
2124
3068
4991
748
2648
2048
1147
8895
5013
1429
2516
7598
6982
4093
5125
7066
3221
1030
4499
3422
5634
5758
265
9899
4094
7514
5746
7287
3337
8336
7284
3663
4411
1728
8730
2199
6145
6030
7814
6234
8580
6020
5625
610
2640
3054
2809
2309
7415
3820
7666
9846
2164
7127
165
3055
4546
2829
7752
8299
5028
9325
5833
1445
5705
7378
1916
6737
4824
9157
2907
314
8271
2373
8550
2014
4534
2726
830
7608
9450
9784
2104
8846
5344
6981
9537
94
6023
3684
2916
3200
912
5665
7586
2449
5052
4543
4989
2873
9962
9278
9352
2654
6938
2591
8128
9327
1324
5529
9078
8384
4873
1825
2830
7216
9829
8082
5416
4352
6868
6944
3909
2055
9199
7395
5932
9076
9788
1796
3919
6495
9669
9981
6837
583
4178
4290
4154
462
5345
5730
2586
7775
417
5638
9069
2531
8658
5636
4103
4374
8652
9827
6402
8406
4707
1842
9990
9501
5679
3666
2103
8432
7600
9604
3897
4937
9500
3336
1907
9807
8050
9238
8668
9897
4111
818
9284
328
1359
2624
6865
1986
1468
1408
4313
1065
8161
7696
3774
2403
2950
9015
4464
4481
1573
9421
645
6171
9086
7620
3889
4955
1938
1945
4079
4113
4689
8147
7993
5552
6674
6524
2597
6713
2042
2017
9536
401
7456
2697
7618
4123
7244
4182
1881
4710
8260
6638
5389
7840
1798
1484
822
1562
4929
2956
70
3423
772
5419
3931
4260
8523
1949
9272
9262
8947
2904
8295
4701
2086
9390
821
1102
4868
9037
5563
6123
4131
2549
7405
6538
7713
3855
2450
2105
6340
4147
6366
5215
6072
3557
6832
3400
1392
7114
4769
5210
4957
7047
1132
5297
8085
7390
1269
3083
1778
5760
4166
2917
3636
1605
2926
1808
3255
2031
1137
1731
7808
5588
8469
2967
1970
2727
3825
6994
5089
7883
2991
6795
8542
304
9515
6532
2675
3031
1027
4980
3241
8478
764
9952
7803
4257
7379
5581
8528
5574
5376
730
5671
5615
5720
5289
8129
5472
4364
4636
2019
4979
2515
1342
2421
9641
815
7109
3707
414
5994
1556
2979
80
2181
6783
8094
3955
7738
37
4684
22
4604
4527
3444
2183
2156
1085
8046
1693
8010
5766
8563
4668
3345
2617
8178
4072
8769
1286
8927
8569
5848
1568
5341
908
7533
7008
6253
5619
7921
5842
9561
518
6044
3793
4613
8995
7887
698
8342
2304
4537
5431
7186
5169
8087
3324
1075
6789
2704
9706
4682
1109
7199
5737
9378
5385
5605
9840
8793
5348
3366
6512
4370
453
1123
6663
4426
4557
6407
4081
4490
4669
8268
4889
6009
3289
6104
7272
1204
3164
1259
1360
9551
7324
3483
3679
220
5566
726
2848
303
6870
112
8009
4879
723
7718
5673
6127
467
1182
3966
2776
9092
352
2689
6121
6589
1481
5268
299
757
9715
2639
3729
4711
1097
5186
4871
6914
5320
9907
6272
7194
6292
1174
3216
4747
4857
2994
5818
3810
6276
7117
1268
6440
7155
2729
9000
1040
8780
7440
4617
2852
1805
3816
8
9035
2436
8687
3298
5209
2102
444
4006
5538
7417
596
8921
259
4561
7853
6573
2437
7420
1186
203
8207
8706
1959
5839
7020
2213
3503
6322
168
9957
9095
6294
1278
9640
9109
464
6898
2834
3424
431
1185
6235
7636
6389
5824
1029
9905
7747
2049
7915
257
5422
4667
6855
2025
2087
7919
900
2021
8515
1058
8792
1866
1000
269
8040
6923
8693
2796
3128
8872
6149
4367
9539
4070
8910
405
4995
9535
2556
8865
2208
8804
7824
9879
4010
1856
3531
6226
8598
9318
9646
8586
3899
3066
720
1532
5657
1144
7935
9842
6836
9227
50
4161
9107
2709
5041
5146
2772
7166
7822
1188
1462
3591
3093
1698
3923
9056
8395
6922
9871
9778
9178
6729
1783
9154
589
3977
7672
6196
2795
1229
8893
8794
196
5316
6304
1966
8673
3113
9021
582
9664
661
4751
3215
5073
7269
1120
1587
2701
9709
9148
3213
1495
6560
7137
1793
8839
7677
3984
433
9790
8571
1370
8108
4392
1620
3691
3232
1697
143
2816
3130
6817
6672
173
7340
2218
9135
4982
9555
9261
5664
9423
28
7276
3275
3541
6649
2518
3772
2271
7252
2929
6284
9703
7610
1908
2030
6040
111
9914
5274
7396
3388
9005
8051
6063
1263
9657
5578
8122
502
4924
6872
4138
703
479
3635
8827
7683
1968
5159
6662
179
1644
9441
6987
663
2393
1651
408
4394
8379
6336
4053
1522
9626
2492
7189
8038
9355
1943
2013
9372
8797
1510
1681
5192
993
6518
7053
1661
8889
9144
4454
3493
6796
3347
6349
5030
9930
4169
6908
8950
3664
5530
5901
2216
5196
2341
8560
7392
6410
5005
4491
5357
5332
8604
6791
5163
696
3446
706
2246
3148
2372
3268
9904
6685
3643
3410
5296
4198
4909
161
6064
4306
5366
5553
1072
2121
9650
5150
5166
3311
8935
6437
1902
6441
1136
7451
4287
7152
9347
5712
3326
546
3876
8717
8841
6321
1540
6863
6909
4328
6452
3858
7934
5449
9075
3304
3274
9944
497
3414
721
6797
1981
8930
3415
8807
2038
1593
2914
9696
794
4140
736
7760
6947
55
5507
8459
5061
6217
3537
8227
6433
1218
5537
3380
9039
1107
8972
5430
8464
8001
6073
6118
3680
2638
4647
6287
5032
1379
475
2328
507
1340
4412
7393
3227
1976
2291
9600
9016
7903
1875
1816
3308
3894
981
5479
3516
5270
5951
7330
8352
6412
4199
4266
8877
9663
4459
1897
5558
4308
6201
3435
1669
2611
7102
8532
8245
2811
8285
7486
3494
2899
539
337
2275
9142
9532
3343
4420
9883
2669
7604
4788
1725
7881
9126
6541
9220
3067
1581
7806
5649
8417
4177
918
6115
7229
2644
8258
7441
5102
8063
826
9256
9038
4190
363
8078
7615
4771
5394
731
1309
7465
4238
4760
5139
1300
2142
4960
3994
3979
6126
9894
517
1790
1906
1398
2706
1555
3063
5804
8007
4083
2686
5116
5600
3520
1918
6790
5650
9448
7565
4126
7961
9603
4303
6241
1739
4047
6901
6653
9101
8134
7308
8113
5810
3192
344
9398
9287
6240
5382
1971
4376
9093
2209
8907
421
8303
8488
7375
5484
5795
6498
556
3594
4958
4462
3655
1759
1528
1421
2732
8576
4018
3457
2750
7480
8239
1724
2886
3735
8371
5480
3223
6847
5776
2329
7706
8156
7952
9213
5744
8906
680
4598
1416
4192
1080
3238
1516
700
5085
3477
1213
5439
9775
8357
8582
6572
4579
899
7098
3138
8031
7548
1833
8067
8962
8117
3967
7581
7246
557
581
2636
1139
325
5285
3142
1744
5502
56
5463
9513
5906
4964
1648
2139
4158
6488
6831
13
9522
5395
9758
5213
9900
2658
512
4848
1011
2521
7726
7659
9918
4498
8616
1869
8289
3937
1135
927
3582
4180
6658
1055
8805
8150
8513
1886
9066
760
642
4558
2057
9607
83
5457
7896
8904
256
4076
6482
1401
7130
8170
7214
3053
8860
9593
2560
3361
6490
848
1288
1224
8474
9208
3768
9027
6244
2911
8561
132
8277
6192
1766
5521
8899
158
217
6110
4763
1721
9198
9554
4487
8854
2598
2445
5998
9519
247
5753
2365
8637
8294
5222
9012
1463
1133
3109
1631
4672
9190
8597
8975
3297
648
1830
9991
7089
9340
1632
493
6010
6995
5481
5425
4786
3720
6352
2083
4023
994
8647
9251
2400
5870
508
274
8293
7796
8551
886
2261
9736
4670
2823
6576
1822
1125
1157
2484
2954
9305
1547
9010
858
8133
2718
774
5351
1670
5782
2290
1391
402
1582
1961
6970
9811
7833
699
2739
3210
3601
6204
1272
9175
4069
6866
6293
4067
8834
5391
4186
986
1940
4100
1932
767
5428
3386
4757
5750
8436
6022
3777
5350
6774
2272
2562
6583
602
9546
5021
6746
1480
1703
5277
5380
4741
8480
9716
3139
6414
1868
9373
8739
2857
8544
6843
2631
5931
3975
3370
249
9724
8141
4814
6835
9030
2782
3791
5375
1076
5703
6575
880
8818
1205
8103
7873
6496
5622
1613
9989
990
311
820
3293
8208
4016
8105
7631
9678
6934
8445
6483
6469
9542
1740
514
7414
6221
5526
9375
6902
982
3245
2847
5843
8679
4548
5078
9329
9589
8200
4997
889
5339
9319
9333
5736
25
6567
6383
4660
9425
208
6521
9831
3089
1614
1998
1461
4859
9761
6657
3658
5359
9685
9226
2063
6939
814
4277
7042
1967
3828
2395
9082
7121
3177
7852
4841
2088
9286
2108
5067
7582
8424
5930
7928
7081
5856
7266
3698
673
9392
3565
5184
8228
8435
2520
5460
9617
7002
778
902
6937
6958
722
9658
2141
6376
2519
2252
2117
7160
3612
4044
6397
4293
1183
6459
909
6313
2190
6862
3362
3420
1374
8203
4504
6080
3036
6822
9624
8301
1857
8541
262
565
5710
239
3811
114
6111
8840
2955
2426
9125
8451
8989
8415
8980
3778
8030
5224
7432
7781
3117
6613
2310
8737
7197
6974
1420
522
678
4732
7739
4828
9433
5295
4803
1982
406
2297
9359
1771
2114
5659
4781
7686
373
1047
7657
5271
5719
9310
357
3195
3538
1596
6278
8803
7147
3533
5111
2992
4770
2663
1010
3312
359
9382
7884
6779
6886
4467
7086
4768
6252
7787
6876
7861
1031
6643
4013
167
277
5865
563
8677
8341
5895
7707
2233
9088
1504
4945
6534
4861
7846
8949
2098
9751
9367
2668
51
8486
466
2570
5577
5852
8377
7937
3849
8114
5531
7019
82
3418
7030
3948
9744
9588
8751
8021
516
3703
3925
7784
6300
4221
4628
1198
2115
7067
8799
1489
8929
4396
4155
4125
1179
3983
1290
8224
8867
4883
1675
7332
4821
9219
6581
8858
3262
6942
6497
8465
1832
2985
3310
9951
4652
1803
1864
9591
4690
3307
5539
4495
5988
2800
3258
9023
7496
1801
1494
7428
1068
4261
9404
2528
1057
8314
3421
9795
7034
754
2754
4606
1307
2632
5491
7705
3000
5260
153
7899
8783
7150
117
2957
2101
1926
7813
268
2524
1131
8788
3836
2323
8018
4373
3978
4135
1848
4200
3542
3628
2918
2948
665
6096
2262
8527
215
1433
3396
7255
1063
9594
6697
1521
3009
7876
2494
2762
8912
3071
7795
5923
7061
8570
6874
5751
5358
7142
121
2221
7625
5206
4398
6579
4254
4640
9471
8209
1578
2876
9391
1594
8613
8139
9629
7135
8620
9770
8466
8779
2680
1341
9151
342
3914
9371
5493
29
4038
8844
2044
7913
6129
5829
3559
3928
5016
3338
3363
4584
1720
9726
6039
6941
6500
8815
6809
2745
6568
7865
3544
7297
9979
9009
409
9860
5738
4326
436
9132
8987
7169
6356
6288
8656
8236
9400
2266
2335
7300
8956
24
2536
7316
5973
1293
1667
6504
9878
1821
4943
9089
8500
6771
5571
501
18
5153
6114
5470
7016
1831
2404
3476
3568
9960
1914
6819
7512
7180
4973
1626
6957
6738
5631
4649
3683
1239
6810
7012
4556
2459
7537
1517
278
922
7144
3473
7622
4890
8181
1802
9915
8080
6260
9985
4015
2714
1859
9064
2288
9412
8862
4477
6636
8636
7588
4012
6765
68
3753
2398
5700
2370
5805
4501
3859
5066
9285
4683
8507
3141
9942
4380
2053
6296
8590
6391
7646
5500
9705
9141
5241
5369
3588
5343
3956
3367
783
4528
786
7452
5877
6598
8692
2990
896
4764
6152
1241
2635
381
145
5
2211
2540
4693
4206
7192
6006
2411
9867
5319
7352
9747
1955
8888
7045
3140
107
7125
5194
4921
8629
5854
7491
8332
2325
9893
4027
6047
1474
4614
1319
9651
7711
6881
4648
9276
8526
1625
3406
6466
242
8279
882
8555
669
9927
4505
2942
867
9768
9437
5770
595
1658
7311
489
9350
5414
5510
690
349
4625
1676
5752
5229
9717
6702
1404
8736
7416
3934
3689
9925
1550
4882
298
2885
1598
2875
5604
6231
3445
6960
4431
6736
5648
3723
9614
7464
1322
5243
3600
4738
6259
8552
4948
276
3642
6275
6546
4791
5778
3352
6203
8241
6634
8667
3413
5868
3921
7274
1809
1839
133
5992
5471
8920
7211
597
6669
9381
6859
3131
9743
5717
3924
654
3102
7351
3034
662
4356
3562
407
8409
980
2959
4833
2925
9689
9090
568
4755
1867
5847
7785
8160
5214
6785
490
7478
3598
7716
6932
2198
6151
7911
519
6112
2483
3320
2527
8343
8398
4719
1791
2863
5253
213
7930
5281
7529
5435
8764
6508
3225
1513
9996
9700
5119
4806
193
877
9529
7376
148
789
2428
4849
8280
9926
1503
6106
5863
1235
3884
7290
1890
4936
302
1974
5321
1348
5896
5958
7254
7637
6421
1750
1216
6425
2723
1383
5620
9777
5624
2151
1329
7448
3313
422
9050
577
977
2231
7709
3230
8426
4758
8831
1164
6043
8639
6400
3838
2009
9336
4032
2241
2874
297
296
5434
6675
1367
2821
4066
8368
2024
8221
8446
8218
8618
5031
9632
3264
9870
3572
3604
7592
9762
6457
2719
8064
4977
2573
1792
1002
2538
1054
4137
2903
9955
84
3805
5325
906
8344
3346
1952
7987
8323
7985
380
7421
290
6182
9810
9214
1533
5945
1769
8052
7843
6888
1473
4252
3086
3944
229
4665
7342
9615
791
1671
3016
9105
7720
5367
1700
7750
2146
7088
4509
1527
5302
8517
7830
9298
8283
2016
5327
4128
9185
138
6753
8468
8997
455
4278
7819
2179
5685
233
532
2499
9737
6134
7727
6698
6562
7437
8992
6289
2610
1660
6954
1464
8049
4157
9443
6918
174
6710
4243
7296
9041
9303
9323
1716
9458
2220
1647
795
9997
9156
9922
4455
3693
988
1641
2434
3279
8891
2253
5504
7558
5572
7782
3989
8516
2952
1414
2837
6650
8671
1530
9487
7131
1991
3442
1564
4256
6561
2356
7336
5176
1320
9934
4174
4932
5948
4049
7325
3334
1053
5944
6984
3938
6526
9054
2342
7087
2345
4998
7435
7815
2544
9958
7302
7680
8448
60
4228
3952
3441
1835
1637
2895
5135
7789
2189
2976
5560
1606
2827
8029
6130
549
8201
2256
8774
6839
9235
9986
526
8074
3517
3355
7153
3812
9176
7398
3425
4576
403
5702
5455
5764
4480
2888
9360
2788
41
7207
2671
3402
411
178
9906
8890
6608
6798
9851
4151
9353
3607
3039
4519
9701
3960
3726
5724
1466
101
8856
6346
905
8057
1033
4236
7667
3035
5790
4817
2666
301
7043
1091
2778
7855
4928
6215
8168
1549
5018
1083
3456
4785
2047
8926
307
5845
4892
4644
7499
1779
9271
6882
2981
6048
5794
7502
780
7
2537
4063
5952
9853
6138
6622
3985
8036
3511
4867
4205
4641
5937
4836
8977
9816
8607
809
2998
6390
6427
9521
4037
9975
9474
3387
1092
8922
2331
6207
1203
932
7758
5850
943
8167
2896
3079
3100
6049
2313
862
2286
999
2169
1767
5522
2629
5037
9046
8874
3127
9849
2543
6926
835
4331
3106
7986
2389
6198
5714
8617
976
5925
4685
3296
7024
3675
6554
2900
765
8931
9694
8727
7678
9564
8852
2767
3025
6200
9690
5453
1806
5157
4931
3490
4629
3787
5519
3364
5661
5225
1741
5156
3062
5109
8148
1836
7221
6513
5912
8470
6081
2406
2677
5808
3747
8269
2317
8044
9814
8848
9442
8110
7033
5442
6473
2123
4535
5554
6420
2154
7587
1071
4783
2257
8166
5734
1818
5444
3007
799
8680
5177
6972
2657
4587
7953
8778
3030
3574
1168
5301
2180
8048
3667
4593
6773
8599
9869
2728
34
6
8608
6175
424
8635
8066
8174
9686
6689
7590
3550
6377
6726
6158
8722
2276
4959
9977
7501
9289
3254
1566
1084
9681
9243
3329
9622
4944
7780
4846
3249
3438
4269
7490
6931
3910
3848
8770
4730
8659
1895
4793
534
9320
3123
4231
9538
6467
5512
1850
1526
9698
7791
2749
1610
4248
1162
5938
8826
8088
1074
1337
702
1299
8220
8505
9498
3198
1685
9512
9649
6883
585
1935
343
6692
5181
9774
2843
3111
7703
2683
5400
6454
5272
319
656
4021
3460
718
5288
4045
1234
7240
318
7671
6418
368
5026
8013
7412
9387
7612
5534
9196
1928
7277
5543
1314
2894
9828
1972
3891
1486
8123
3092
254
9885
5689
2674
7467
9601
7988
1545
4551
2397
9609
5892
3991
4688
7528
9873
8177
354
6873
7893
1446
3224
3617
2604
2628
913
8838
7267
6213
8965
251
6000
5632
3706
2650
5276
1424
6120
4046
3807
300
2100
8493
8745
441
3770
1502
4978
7996
1426
3740
7611
7119
712
5483
5440
8327
3518
1436
3449
8842
1611
4739
7282
1760
9642
8422
6747
2079
553
4712
4336
2940
5433
4458
2529
5417
1291
7764
3407
1287
1512
3932
1574
9882
450
4659
974
530
2214
4195
8718
8790
2763
3911
3491
901
9964
9909
8131
701
5262
5168
8581
8370
7401
9085
7208
4865
3968
9992
1553
3112
9845
5690
939
7538
1853
9068
1837
4954
4463
9399
9338
9707
8816
5859
3809
3637
5745
4388
4933
4589
9824
5334
967
8940
3918
6557
9171
4217
6769
9938
4146
910
3907
5575
2596
9182
9002
6571
4019
2825
875
2826
5046
1086
8670
8413
6803
2206
1124
2011
2152
567
705
8257
7753
7023
4007
4835
7972
4022
7741
2080
984
5368
9060
9688
3763
2107
1563
3369
4118
5054
1032
5040
3619
9796
6877
3553
6069
873
7980
4223
9374
5920
9312
2332
693
1178
7270
3292
5861
3766
7697
